0.855676
0.653775
0.603989
0.595328
0.57232
0.572218
0.563399
0.562347
0.559186
0.557622
0.556634
0.555126
0.554904
0.553693
0.553667
0.552805
0.552762
0.552211
0.552092
0.55178
0.551596
0.551446
0.551228
0.551171
0.550955
0.550939
0.55075
0.550739
0.550592
0.550568
0.550467
0.550424
0.550362
0.550303
0.550271
0.550203
0.55019
0.550121
0.550115
0.550053
0.550046
0.549997
0.549983
0.549948
0.549927
0.549905
0.549877
0.549865
0.549833
0.549827
0.549796
0.549791
0.549763
0.549757
0.549734
0.549724
0.549707
0.549692
0.549676
0.549645
0.549603
0.549501
0.549312
0.548918
0.548199
0.546926
0.54488
0.541817
0.537633
0.532391
0.526385
0.520048
0.513758
0.50768
0.501667
0.495476
0.48896
0.482272
0.475667
0.469286
0.463003
0.456637
0.450188
0.443837
0.437701
0.431678
0.425643
0.419632
0.413794
0.408129
0.402529
0.396961
0.391536
0.386291
0.381147
0.376075
0.371167
0.366471
0.361932
0.357561
0.353434
0.349566
0.345879
0.342359
0.339006
0.335752
0.332533
0.329387
0.326349
0.323402
0.320563
0.317848
0.315205
0.312591
0.310048
0.30759
0.3052
0.302887
0.300649
0.298439
0.296273
0.294194
0.292174
0.29019
0.288259
0.286376
0.284528
0.282749
0.281015
0.279295
0.277623
0.276011
0.274425
0.272873
0.271367
0.269883
0.268439
0.267039
0.265654
0.2643
0.263003
0.261716
0.260448
0.259233
0.258032
0.256848
0.255709
0.254579
0.25347
0.252406
0.25134
0.2503
0.249306
0.248308
0.247334
0.246401
0.245462
0.244549
0.243668
0.242784
0.241926
0.241092
0.240258
0.239453
0.238668
0.237879
0.237124
0.236383
0.235637
0.23493
0.234227
0.233523
0.232858
0.232188
0.231525
0.230897
0.230256
0.229636
0.229037
0.228428
0.227847
0.227275
0.226698
0.22615
0.225602
0.225056
0.224539
0.224013
0.223496
0.223005
0.222499
0.222012
0.221539
0.221052
0.220596
0.220141
0.219685
0.219256
0.21881
0.218376
0.217956
0.217527
0.217124
0.216725
0.216322
0.215943
0.215554
0.21517
0.214806
0.214425
0.214061
0.213706
0.21334
0.213002
0.212654
0.21231
0.211985
0.211642
0.211318
0.210996
0.210665
0.210357
0.210038
0.209729
0.209436
0.209135
0.208853
0.208567
0.208276
0.20801
0.207734
0.207471
0.207221
0.206956
0.206717
0.206472
0.206225
0.205995
0.205752
0.205525
0.205298
0.205065
0.204856
0.204634
0.204419
0.204207
0.203982
0.203774
0.203555
0.203336
0.203131
0.20291
0.202701
0.202495
0.202287
0.202102
0.201901
0.201701
0.201491
0.201271
0.201085
0.200895
0.200705
0.200507
0.200285
0.200062
0.199821
0.199602
0.199411
0.199203
0.199
0.198793
0.198584
0.198374
0.198151
0.197944
0.197734
0.19753
0.197351
0.197154
0.196964
0.196773
0.196573
0.196371
0.196149
0.195949
0.195748
0.195544
0.195362
0.195166
0.194981
0.194802
0.194609
0.194412
0.194207
0.19401
0.19381
0.19361
0.193431
0.193242
0.193067
0.1929
0.192723
0.192563
0.19239
0.192216
0.192032
0.191847
0.191669
0.191478
0.191306
0.19113
0.190947
0.190773
0.190581
0.190405
0.190231
0.190039
0.189828
0.18955
0.189197
0.188788
0.188345
0.187853
0.187263
0.18654
0.185594
0.184467
0.183286
0.182106
0.181004
0.180002
0.179082
0.178262
0.177623
0.177225
0.176995
0.176841
0.176628
0.1763
0.175875
0.17532
0.174679
0.174021
0.173438
0.173044
0.172825
0.17268
0.172475
0.172137
0.171701
0.171226
0.170778
0.17039
0.170125
0.169967
0.169781
0.169471
0.169003
0.168523
0.168166
0.167933
0.167792
0.167648
0.167448
0.167152
0.166765
0.166395
0.16615
0.166015
0.165848
0.165559
0.165194
0.164881
0.16468
0.164533
0.164397
0.164209
0.163937
0.163632
0.163357
0.16319
0.163047
0.162804
0.162483
0.16218
0.161999
0.161866
0.161688
0.161461
0.161206
0.160975
0.160785
0.160627
0.160413
0.160081
0.159714
0.159425
0.159209
0.158944
0.158586
0.158219
0.157932
0.157713
0.157475
0.157199
0.156923
0.156687
0.156491
0.15628
0.156028
0.155724
0.155445
0.15524
0.155032
0.154765
0.154471
0.154247
0.154059
0.153824
0.153556
0.153308
0.153116
0.152935
0.152738
0.152529
0.152329
0.152155
0.151978
0.151777
0.151541
0.151328
0.151166
0.150979
0.150747
0.150528
0.150371
0.150214
0.150007
0.149809
0.149646
0.149497
0.149323
0.149137
0.148977
0.148829
0.148686
0.148529
0.148363
0.148209
0.148072
0.147911
0.147715
0.147549
0.147408
0.147242
0.147047
0.146882
0.146746
0.14658
0.146399
0.146244
0.14612
0.145986
0.145842
0.145719
0.145593
0.145464
0.145332
0.145196
0.145077
0.144964
0.144835
0.144686
0.144559
0.144445
0.144305
0.144157
0.144029
0.14391
0.143755
0.143608
0.143493
0.143365
0.143222
0.143093
0.142986
0.142862
0.142736
0.142624
0.142515
0.142405
0.142278
0.142157
0.14204
0.141925
0.141804
0.141675
0.141563
0.141445
